[ (0,0),(1,0),(2,0),(3,0),(4,0),(5,0),(6,0),(7,0),(8,0),(9,0),(10,0),(11,0),(12,0),(13,0),(14,0),(15,0),(16,0),(17,0),(18,0),(19,0),(20,0),(21,0),(24,0),(25,0),(28,0),(29,0),(32,0),(33,0),(46,0),(47,0),(50,0),(51,0),(54,0),(55,0),(58,0),(59,0),(60,0),(61,0),(62,0),(63,0),(64,0),(65,0),(66,0),(67,0),(68,0),(69,0),(70,0),(71,0),(72,0),(73,0),(74,0),(75,0),(76,0),(77,0),(78,0),(79,0)
, (0,1),(1,1),(2,1),(3,1),(4,1),(5,1),(6,1),(7,1),(8,1),(9,1),(10,1),(11,1),(12,1),(13,1),(14,1),(15,1),(16,1),(17,1),(18,1),(19,1),(20,1),(21,1),(24,1),(25,1),(28,1),(29,1),(32,1),(33,1),(46,1),(47,1),(50,1),(51,1),(54,1),(55,1),(58,1),(59,1),(60,1),(61,1),(62,1),(63,1),(64,1),(65,1),(66,1),(67,1),(68,1),(69,1),(70,1),(71,1),(72,1),(73,1),(74,1),(75,1),(76,1),(77,1),(78,1),(79,1)
, (0,2),(1,2),(2,2),(3,2),(4,2),(5,2),(6,2),(7,2),(8,2),(9,2),(10,2),(11,2),(12,2),(13,2),(14,2),(15,2),(16,2),(17,2),(18,2),(19,2),(20,2),(21,2),(24,2),(25,2),(28,2),(29,2),(32,2),(33,2),(46,2),(47,2),(50,2),(51,2),(54,2),(55,2),(58,2),(59,2),(60,2),(61,2),(62,2),(63,2),(64,2),(65,2),(66,2),(67,2),(68,2),(69,2),(70,2),(71,2),(72,2),(73,2),(74,2),(75,2),(76,2),(77,2),(78,2),(79,2)
, (0,3),(1,3),(2,3),(3,3),(4,3),(5,3),(6,3),(7,3),(8,3),(9,3),(10,3),(11,3),(12,3),(13,3),(14,3),(15,3),(16,3),(17,3),(18,3),(19,3),(20,3),(21,3),(24,3),(25,3),(28,3),(29,3),(32,3),(33,3),(46,3),(47,3),(50,3),(51,3),(54,3),(55,3),(58,3),(59,3),(60,3),(61,3),(62,3),(63,3),(64,3),(65,3),(66,3),(67,3),(68,3),(69,3),(70,3),(71,3),(72,3),(73,3),(74,3),(75,3),(76,3),(77,3),(78,3),(79,3)
, (0,4),(1,4),(2,4),(3,4),(4,4),(5,4),(6,4),(7,4),(8,4),(9,4),(10,4),(11,4),(12,4),(13,4),(14,4),(15,4),(16,4),(17,4),(18,4),(19,4),(20,4),(21,4),(24,4),(25,4),(28,4),(29,4),(32,4),(33,4),(46,4),(47,4),(50,4),(51,4),(54,4),(55,4),(58,4),(59,4),(60,4),(61,4),(62,4),(63,4),(64,4),(65,4),(66,4),(67,4),(68,4),(69,4),(70,4),(71,4),(72,4),(73,4),(74,4),(75,4),(76,4),(77,4),(78,4),(79,4)
, (0,5),(1,5),(2,5),(3,5),(20,5),(21,5),(22,5),(23,5),(24,5),(25,5),(26,5),(27,5),(28,5),(29,5),(30,5),(31,5),(32,5),(33,5),(46,5),(47,5),(48,5),(49,5),(50,5),(51,5),(52,5),(53,5),(54,5),(55,5),(56,5),(57,5),(58,5),(59,5),(76,5),(77,5),(78,5),(79,5)
, (0,6),(1,6),(2,6),(3,6),(20,6),(21,6),(22,6),(23,6),(24,6),(25,6),(26,6),(27,6),(28,6),(29,6),(30,6),(31,6),(32,6),(33,6),(46,6),(47,6),(48,6),(49,6),(50,6),(51,6),(52,6),(53,6),(54,6),(55,6),(56,6),(57,6),(58,6),(59,6),(76,6),(77,6),(78,6),(79,6)
, (0,7),(1,7),(2,7),(3,7),(20,7),(21,7),(22,7),(23,7),(24,7),(25,7),(26,7),(27,7),(28,7),(29,7),(30,7),(31,7),(32,7),(33,7),(46,7),(47,7),(48,7),(49,7),(50,7),(51,7),(52,7),(53,7),(54,7),(55,7),(56,7),(57,7),(58,7),(59,7),(76,7),(77,7),(78,7),(79,7)
, (0,8),(1,8),(2,8),(3,8),(20,8),(21,8),(22,8),(23,8),(24,8),(25,8),(26,8),(27,8),(28,8),(29,8),(30,8),(31,8),(32,8),(33,8),(46,8),(47,8),(48,8),(49,8),(50,8),(51,8),(52,8),(53,8),(54,8),(55,8),(56,8),(57,8),(58,8),(59,8),(76,8),(77,8),(78,8),(79,8)
, (0,9),(1,9),(2,9),(3,9),(20,9),(21,9),(22,9),(23,9),(24,9),(25,9),(26,9),(27,9),(28,9),(29,9),(30,9),(31,9),(32,9),(33,9),(46,9),(47,9),(48,9),(49,9),(50,9),(51,9),(52,9),(53,9),(54,9),(55,9),(56,9),(57,9),(58,9),(59,9),(76,9),(77,9),(78,9),(79,9)
, (0,10),(1,10),(2,10),(3,10),(20,10),(21,10),(22,10),(23,10),(24,10),(25,10),(26,10),(27,10),(28,10),(29,10),(30,10),(31,10),(32,10),(33,10),(46,10),(47,10),(48,10),(49,10),(50,10),(51,10),(52,10),(53,10),(54,10),(55,10),(56,10),(57,10),(58,10),(59,10),(76,10),(77,10),(78,10),(79,10)
, (0,11),(1,11),(2,11),(3,11),(20,11),(21,11),(22,11),(23,11),(24,11),(25,11),(26,11),(27,11),(28,11),(29,11),(30,11),(31,11),(32,11),(33,11),(46,11),(47,11),(48,11),(49,11),(50,11),(51,11),(52,11),(53,11),(54,11),(55,11),(56,11),(57,11),(58,11),(59,11),(76,11),(77,11),(78,11),(79,11)
, (0,12),(1,12),(2,12),(3,12),(20,12),(21,12),(22,12),(23,12),(24,12),(25,12),(26,12),(27,12),(28,12),(29,12),(30,12),(31,12),(32,12),(33,12),(46,12),(47,12),(48,12),(49,12),(50,12),(51,12),(52,12),(53,12),(54,12),(55,12),(56,12),(57,12),(58,12),(59,12),(76,12),(77,12),(78,12),(79,12)
, (0,13),(1,13),(2,13),(3,13),(20,13),(21,13),(22,13),(23,13),(24,13),(25,13),(26,13),(27,13),(28,13),(29,13),(30,13),(31,13),(32,13),(33,13),(46,13),(47,13),(48,13),(49,13),(50,13),(51,13),(52,13),(53,13),(54,13),(55,13),(56,13),(57,13),(58,13),(59,13),(76,13),(77,13),(78,13),(79,13)
, (0,14),(1,14),(2,14),(3,14),(20,14),(21,14),(22,14),(23,14),(24,14),(25,14),(26,14),(27,14),(28,14),(29,14),(30,14),(31,14),(32,14),(33,14),(34,14),(35,14),(36,14),(37,14),(38,14),(39,14),(40,14),(41,14),(42,14),(43,14),(44,14),(45,14),(46,14),(47,14),(48,14),(49,14),(50,14),(51,14),(52,14),(53,14),(54,14),(55,14),(56,14),(57,14),(58,14),(59,14),(76,14),(77,14),(78,14),(79,14)

, (0,15),(1,15),(2,15),(3,15),(76,15),(77,15),(78,15),(79,15)
, (0,16),(1,16),(2,16),(3,16),(76,16),(77,16),(78,16),(79,16)
, (0,17),(1,17),(2,17),(3,17),(76,17),(77,17),(78,17),(79,17)
, (0,18),(1,18),(2,18),(3,18),(76,18),(77,18),(78,18),(79,18)
, (0,19),(1,19),(2,19),(3,19),(76,19),(77,19),(78,19),(79,19)
, (0,20),(1,20),(2,20),(3,20),(76,20),(77,20),(78,20),(79,20)
, (0,21),(1,21),(2,21),(3,21),(76,21),(77,21),(78,21),(79,21)
, (0,22),(1,22),(2,22),(3,22),(76,22),(77,22),(78,22),(79,22)
, (0,23),(1,23),(2,23),(3,23),(76,23),(77,23),(78,23),(79,23)
, (0,24),(1,24),(2,24),(3,24),(76,24),(77,24),(78,24),(79,24)
, (0,25),(1,25),(2,25),(3,25),(76,25),(77,25),(78,25),(79,25)
, (0,26),(1,26),(2,26),(3,26),(76,26),(77,26),(78,26),(79,26)
, (0,27),(1,27),(2,27),(3,27),(76,27),(77,27),(78,27),(79,27)
, (0,28),(1,28),(2,28),(3,28),(76,28),(77,28),(78,28),(79,28)
, (0,29),(1,29),(2,29),(3,29),(76,29),(77,29),(78,29),(79,29)
, (0,30),(1,30),(2,30),(3,30),(76,30),(77,30),(78,30),(79,30)
, (0,31),(1,31),(2,31),(3,31),(76,31),(77,31),(78,31),(79,31)
, (0,32),(1,32),(2,32),(3,32),(76,32),(77,32),(78,32),(79,32)
, (0,33),(1,33),(2,33),(3,33),(76,33),(77,33),(78,33),(79,33)
, (0,34),(1,34),(2,34),(3,34),(76,34),(77,34),(78,34),(79,34)
, (0,35),(1,35),(2,35),(3,35),(76,35),(77,35),(78,35),(79,35)
, (0,36),(1,36),(2,36),(3,36),(76,36),(77,36),(78,36),(79,36)
, (0,37),(1,37),(2,37),(3,37),(76,37),(77,37),(78,37),(79,37)
, (0,38),(1,38),(2,38),(3,38),(76,38),(77,38),(78,38),(79,38)
, (0,39),(1,39),(2,39),(3,39),(76,39),(77,39),(78,39),(79,39)
, (0,40),(1,40),(2,40),(3,40),(76,40),(77,40),(78,40),(79,40)
, (0,41),(1,41),(2,41),(3,41),(76,41),(77,41),(78,41),(79,41)
, (0,42),(1,42),(2,42),(3,42),(76,42),(77,42),(78,42),(79,42)
, (0,43),(1,43),(2,43),(3,43),(76,43),(77,43),(78,43),(79,43)
, (0,44),(1,44),(2,44),(3,44),(76,44),(77,44),(78,44),(79,44)
, (0,45),(1,45),(2,45),(3,45),(76,45),(77,45),(78,45),(79,45)
, (0,46),(1,46),(2,46),(3,46),(76,46),(77,46),(78,46),(79,46)
, (0,47),(1,47),(2,47),(3,47),(76,47),(77,47),(78,47),(79,47)
, (0,48),(1,48),(2,48),(3,48),(76,48),(77,48),(78,48),(79,48)
, (0,49),(1,49),(2,49),(3,49),(76,49),(77,49),(78,49),(79,49)
, (0,50),(1,50),(2,50),(3,50),(76,50),(77,50),(78,50),(79,50)
, (0,51),(1,51),(2,51),(3,51),(76,51),(77,51),(78,51),(79,51)
, (0,52),(1,52),(2,52),(3,52),(76,52),(77,52),(78,52),(79,52)
, (0,53),(1,53),(2,53),(3,53),(76,53),(77,53),(78,53),(79,53)
, (0,54),(1,54),(2,54),(3,54),(76,54),(77,54),(78,54),(79,54)
, (0,55),(1,55),(2,55),(3,55),(76,55),(77,55),(78,55),(79,55)
, (0,56),(1,56),(2,56),(3,56),(76,56),(77,56),(78,56),(79,56)
, (0,57),(1,57),(2,57),(3,57),(4,57),(5,57),(6,57),(7,57),(8,57),(9,57),(10,57),(11,57),(12,57),(13,57),(14,57),(15,57),(16,57),(17,57),(18,57),(19,57),(20,57),(21,57),(22,57),(23,57),(24,57),(25,57),(26,57),(27,57),(28,57),(29,57),(30,57),(31,57),(32,57),(47,57),(48,57),(49,57),(50,57),(51,57),(52,57),(53,57),(54,57),(55,57),(56,57),(57,57),(58,57),(59,57),(60,57),(61,57),(62,57),(63,57),(64,57),(65,57),(66,57),(67,57),(68,57),(69,57),(70,57),(71,57),(72,57),(73,57),(74,57),(75,57),(76,57),(77,57),(78,57),(79,57)
, (0,58),(1,58),(2,58),(3,58),(4,58),(5,58),(6,58),(7,58),(8,58),(9,58),(10,58),(11,58),(12,58),(13,58),(14,58),(15,58),(16,58),(17,58),(18,58),(19,58),(20,58),(21,58),(22,58),(23,58),(24,58),(25,58),(26,58),(27,58),(28,58),(29,58),(30,58),(31,58),(32,58),(47,58),(48,58),(49,58),(50,58),(51,58),(52,58),(53,58),(54,58),(55,58),(56,58),(57,58),(58,58),(59,58),(60,58),(61,58),(62,58),(63,58),(64,58),(65,58),(66,58),(67,58),(68,58),(69,58),(70,58),(71,58),(72,58),(73,58),(74,58),(75,58),(76,58),(77,58),(78,58),(79,58)
, (0,59),(1,59),(2,59),(3,59),(4,59),(5,59),(6,59),(7,59),(8,59),(9,59),(10,59),(11,59),(12,59),(13,59),(14,59),(15,59),(16,59),(17,59),(18,59),(19,59),(20,59),(21,59),(22,59),(23,59),(24,59),(25,59),(26,59),(27,59),(28,59),(29,59),(30,59),(31,59),(32,59),(47,59),(48,59),(49,59),(50,59),(51,59),(52,59),(53,59),(54,59),(55,59),(56,59),(57,59),(58,59),(59,59),(60,59),(61,59),(62,59),(63,59),(64,59),(65,59),(66,59),(67,59),(68,59),(69,59),(70,59),(71,59),(72,59),(73,59),(74,59),(75,59),(76,59),(77,59),(78,59),(79,59)
]